name: plla_tisvs
channels:
  - pytorch
  - conda-forge
  - defaults
dependencies:
  - audioread=2.1.8=py36_1
  - blas=1.0=mkl
  - bzip2=1.0.8=h0b31af3_2
  - ca-certificates=2020.1.1=0
  - certifi=2020.4.5.1=py36_0
  - cffi=1.13.2=py36hb5b8e2f_0
  - cycler=0.10.0=py_2
  - decorator=4.4.1=py_0
  - ffmpeg=4.2=h5c2b479_0
  - freetype=2.9.1=hb4e5f40_0
  - gettext=0.19.8.1=h46ab8bc_1002
  - gmp=6.1.2=h0a44026_1000
  - gnutls=3.6.5=h53004b3_1002
  - intel-openmp=2019.4=233
  - joblib=0.14.1=py_0
  - jpeg=9b=he5867d9_2
  - kiwisolver=1.1.0=py36h770b8ee_0
  - lame=3.100=h1de35cc_1001
  - libcxx=4.0.1=hcfea43d_1
  - libcxxabi=4.0.1=hcfea43d_1
  - libedit=3.1.20181209=hb402a30_0
  - libffi=3.2.1=h475c297_4
  - libflac=1.3.1=h0a44026_1002
  - libgfortran=3.0.1=h93005f0_2
  - libiconv=1.15=h01d97ff_1005
  - libogg=1.3.2=h1de35cc_1001
  - libpng=1.6.37=ha441bb4_0
  - librosa=0.7.2=py_0
  - libsndfile=1.0.28=h0a44026_1000
  - libtiff=4.1.0=hcb84e12_0
  - libvorbis=1.3.5=h1de35cc_1001
  - llvm-openmp=9.0.1=h28b9765_2
  - llvmlite=0.31.0=py36h1341992_0
  - matplotlib=2.2.4=py36_1
  - matplotlib-base=2.2.4=py36h31f9439_1
  - mkl=2019.4=233
  - mkl-service=2.3.0=py36hfbe908c_0
  - mkl_fft=1.0.15=py36h5e564d8_0
  - mkl_random=1.1.0=py36ha771720_0
  - ncurses=6.1=h0a44026_1
  - nettle=3.4.1=h3efe00b_1002
  - ninja=1.9.0=py36h04f5b5a_0
  - numba=0.47.0=py36h6440ff4_0
  - numpy=1.18.1=py36h7241aed_0
  - numpy-base=1.18.1=py36h6575580_1
  - olefile=0.46=py36_0
  - openh264=1.8.0=hd9629dc_1000
  - openssl=1.1.1g=h1de35cc_0
  - pillow=7.0.0=py36h4655f20_0
  - pip=19.3.1=py36_0
  - pycparser=2.19=py36_0
  - pyparsing=2.4.6=py_0
  - pysoundfile=0.10.2=py_1001
  - python=3.6.10=h359304d_0
  - python-dateutil=2.8.1=py_0
  - pytz=2019.3=py_0
  - readline=7.0=h1de35cc_5
  - resampy=0.2.2=py_0
  - scikit-learn=0.22.1=py36h27c97d8_0
  - scipy=1.3.2=py36h1410ff5_0
  - setuptools=44.0.0=py36_0
  - six=1.13.0=py36_0
  - sqlite=3.30.1=ha441bb4_0
  - tbb=2018.0.5=h2d50403_0
  - tk=8.6.8=ha441bb4_0
  - torchvision=0.4.0=py36_cpu
  - tornado=6.0.3=py36h0b31af3_0
  - typing=3.6.4=py36_0
  - wheel=0.33.6=py36_0
  - x264=1!152.20180806=h1de35cc_0
  - xz=5.2.4=h1de35cc_4
  - zlib=1.2.11=h1de35cc_3
  - zstd=1.3.7=h5bba6e5_0
  - pip:
    - absl-py==0.9.0
    - attrs==19.3.0
    - cachetools==4.0.0
    - chardet==3.0.4
    - future==0.18.2
    - google-auth==1.11.0
    - google-auth-oauthlib==0.4.1
    - grpcio==1.26.0
    - idna==2.8
    - importlib-metadata==1.4.0
    - jsonschema==3.2.0
    - markdown==3.1.1
    - musdb==0.3.1
    - museval==0.3.0
    - norbert==0.2.1
    - oauthlib==3.1.0
    - pandas==0.25.3
    - protobuf==3.11.2
    - pyaml==19.12.0
    - pyasn1==0.4.8
    - pyasn1-modules==0.2.8
    - pyrsistent==0.15.7
    - python-speech-features==0.6
    - pyyaml==5.3
    - requests==2.22.0
    - requests-oauthlib==1.3.0
    - rsa==4.0
    - seaborn==0.10.1
    - simplejson==3.17.0
    - sounddevice==0.3.14
    - stempeg==0.1.8
    - tensorboard==2.1.0
    - tensorboardx==2.0
    - tgt==1.4.4
    - timit-utils==0.9.0
    - torch==1.5.0
    - torchaudio==0.5.0
    - tqdm==4.42.0
    - urllib3==1.25.8
    - werkzeug==0.16.0
    - zipp==2.1.0
