name: plla_tisvs
channels:
  - pytorch
  - conda-forge
  - defaults
dependencies:
  - audioread=2.1.8=py36_1
  - bzip2=1.0.8=h516909a_2
  - cycler=0.10.0=py_2
  - dbus=1.13.6=he372182_0
  - decorator=4.4.1=py_0
  - expat=2.2.5=he1b5a44_1004
  - ffmpeg=4.2=h167e202_0
  - fontconfig=2.13.1=he4413a7_1000
  - gettext=0.19.8.1=hc5be6a0_1002
  - glib=2.58.3=py36h6f030ca_1002
  - gmp=6.2.0=he1b5a44_0
  - gnutls=3.6.5=hd3a4fd2_1002
  - gst-plugins-base=1.14.5=h0935bb2_0
  - gstreamer=1.14.5=h36ae1b5_0
  - icu=58.2=hf484d3e_1000
  - joblib=0.14.1=py_0
  - kiwisolver=1.1.0=py36hc9558a2_0
  - lame=3.100=h14c3975_1001
  - libflac=1.3.1=hf484d3e_1002
  - libiconv=1.15=h516909a_1005
  - libllvm8=8.0.1=hc9558a2_0
  - libogg=1.3.2=h14c3975_1001
  - librosa=0.7.2=py_0
  - libsndfile=1.0.28=hf484d3e_1000
  - libuuid=2.32.1=h14c3975_1000
  - libvorbis=1.3.5=h14c3975_1001
  - libxcb=1.13=h14c3975_1002
  - libxml2=2.9.9=h13577e0_2
  - llvmlite=0.31.0=py36h8b12597_0
  - nettle=3.4.1=h1bed415_1002
  - numba=0.47.0=py36hb3f55d8_0
  - openh264=1.8.0=hdbcaa40_1000
  - pcre=8.43=he1b5a44_0
  - pthread-stubs=0.4=h14c3975_1001
  - pyparsing=2.4.6=py_0
  - pyqt=5.6.0=py36h13b7fb3_1008
  - pysoundfile=0.10.2=py_1001
  - python-dateutil=2.8.1=py_0
  - pytz=2019.3=py_0
  - resampy=0.2.2=py_0
  - sip=4.18.1=py36hf484d3e_1000
  - tornado=6.0.3=py36h516909a_0
  - x264=1!152.20180806=h14c3975_0
  - xorg-libxau=1.0.9=h14c3975_0
  - xorg-libxdmcp=1.1.3=h516909a_0
  - _libgcc_mutex=0.1=main
  - blas=1.0=mkl
  - ca-certificates=2020.1.1=0
  - certifi=2020.4.5.1=py36_0
  - cffi=1.13.2=py36h2e261b9_0
  - cudatoolkit=9.2=0
  - freetype=2.9.1=h8a8886c_1
  - intel-openmp=2019.4=243
  - jpeg=9b=h024ee3a_2
  - ld_impl_linux-64=2.33.1=h53a641e_7
  - libedit=3.1.20181209=hc058e9b_0
  - libffi=3.2.1=hd88cf55_4
  - libgcc-ng=9.1.0=hdf63c60_0
  - libgfortran-ng=7.3.0=hdf63c60_0
  - libpng=1.6.37=hbc83047_0
  - libstdcxx-ng=9.1.0=hdf63c60_0
  - libtiff=4.1.0=h2733197_0
  - matplotlib=2.2.2=py36hb69df0a_2
  - mkl=2019.4=243
  - mkl-service=2.3.0=py36he904b0f_0
  - mkl_fft=1.0.15=py36ha843d7b_0
  - mkl_random=1.1.0=py36hd6b4f25_0
  - ncurses=6.1=he6710b0_1
  - ninja=1.9.0=py36hfd86e86_0
  - numpy=1.18.1=py36h4f9e942_0
  - numpy-base=1.18.1=py36hde5b4d6_1
  - olefile=0.46=py_0
  - openssl=1.1.1g=h7b6447c_0
  - pillow=7.0.0=py36hb39fc2d_0
  - pip=19.3.1=py36_0
  - pycparser=2.19=py_0
  - python=3.6.10=h0371630_0
  - qt=5.6.3=h8bf5577_3
  - readline=7.0=h7b6447c_5
  - scikit-learn=0.22.1=py36hd81dba3_0
  - scipy=1.3.2=py36h7c811a0_0
  - setuptools=44.0.0=py36_0
  - six=1.13.0=py36_0
  - sqlite=3.30.1=h7b6447c_0
  - tk=8.6.8=hbc83047_0
  - typing=3.6.4=py36_0
  - wheel=0.33.6=py36_0
  - xz=5.2.4=h14c3975_4
  - zlib=1.2.11=h7b6447c_3
  - zstd=1.3.7=h0b5b093_0
  - pytorch=1.5.0=py3.6_cuda9.2.148_cudnn7.6.3_0
  - torchaudio=0.5.0=py36
  - torchvision=0.6.0=py36_cu92
  - pip:
    - absl-py==0.9.0
    - arrow==0.13.1
    - attrs==19.3.0
    - binaryornot==0.4.4
    - cachetools==4.0.0
    - chardet==3.0.4
    - click==7.0
    - cookiecutter==1.6.0
    - google-auth==1.11.0
    - google-auth-oauthlib==0.4.1
    - grpcio==1.26.0
    - idna==2.8
    - importlib-metadata==1.4.0
    - jinja2==2.10.1
    - jinja2-time==0.2.0
    - jsonschema==3.2.0
    - markdown==3.1.1
    - markupsafe==1.1.1
    - musdb==0.3.1
    - museval==0.3.0
    - norbert==0.2.1
    - oauthlib==3.1.0
    - pandas==0.25.3
    - poyo==0.4.2
    - protobuf==3.11.2
    - pyaml==19.12.0
    - pyasn1==0.4.8
    - pyasn1-modules==0.2.8
    - pypesq==1.0
    - pyrsistent==0.15.7
    - pystoi==0.3.3
    - pyyaml==5.3
    - requests==2.22.0
    - requests-oauthlib==1.3.0
    - rsa==4.0
    - simplejson==3.17.0
    - soundfile==0.10.2
    - stempeg==0.1.8
    - tensorboard==2.1.0
    - tensorboardx==2.0
    - torch==1.5.0
    - tqdm==4.42.0
    - urllib3==1.25.8
    - werkzeug==0.16.0
    - whichcraft==0.5.2
    - zipp==2.1.0
